15 180 -92.19142412 7.2081 9.5038 2.2957
16 192 -92.19144060 7.2080 9.5038 2.2958
17 204 -92.19421158 7.2046 9.4907 2.2861
18 216 -92.19538694 7.2026 9.4916 2.2890
19 228 -92.19538516 7.2025 9.4916 2.2891
20 240 -92.19684506 7.2006 9.4840 2.2834
21 252 -92.19918338 7.1975 9.4845 2.2870
22 264 -92.19918374 7.1975 9.4845 2.2870
23 276 -92.20026562 7.1960 9.4818 2.2858
24 288 -92.20028028 7.1960 9.4817 2.2857
25 300 -92.20027880 7.1960 9.4817 2.2857
26 312 -92.20056423 7.1955 9.4803 2.2848
27 324 -92.20073265 7.1953 9.4804 2.2851
28 336 -92.20073240 7.1953 9.4804 2.2851
29 348 -92.20096215 7.1949 9.4796 2.2847
30 360 -92.20099447 7.1949 9.4796 2.2847
31 372 -92.20099510 7.1949 9.4796 2.2847
32 384 -92.20113775 7.1946 9.4792 2.2846
33 396 -92.20115798 7.1946 9.4792 2.2846
34 408 -92.20115852 7.1946 9.4792 2.2846
35 420 -92.20116305 7.1946 9.4792 2.2846
36 432 -92.20116910 7.1946 9.4792 2.2846
37 444 -92.20116928 7.1946 9.4792 2.2846
38 456 -92.20117892 7.1946 9.4792 2.2846
39 468 -92.20119924 7.1946 9.4792 2.2846
40 480 -92.20119940 7.1946 9.4792 2.2846
41 492 -92.20121799 7.1946 9.4792 2.2846
42 504 -92.20121795 7.1946 9.4792 2.2846
43 516 -92.20121788 7.1946 9.4792 2.2846
44 528 -92.20124013 7.1946 9.4792 2.2846
45 540 -92.20124922 7.1946 9.4792 2.2846
46 552 -92.20124922 7.1946 9.4792 2.2846
47 564 -92.20125901 7.1946 9.4791 2.2845
48 576 -92.20126171 7.1946 9.4791 2.2845
49 588 -92.20126178 7.1946 9.4791 2.2845
50 600 -92.20128809 7.1946 9.4790 2.2844
51 612 -92.20129162 7.1946 9.4790 2.2844
52 624 -92.20129161 7.1946 9.4790 2.2844
53 636 -92.20130330 7.1945 9.4790 2.2845
54 648 -92.20130421 7.1945 9.4790 2.2845
55 660 -92.20130420 7.1945 9.4790 2.2845
56 672 -92.20130708 7.1945 9.4790 2.2845
57 684 -92.20130832 7.1945 9.4790 2.2845
58 696 -92.20130835 7.1945 9.4790 2.2845
59 708 -92.20130993 7.1945 9.4790 2.2845
60 720 -92.20131048 7.1945 9.4789 2.2844
61 732 -92.20131050 7.1945 9.4789 2.2844
62 744 -92.20131124 7.1945 9.4790 2.2845
63 756 -92.20131216 7.1945 9.4789 2.2844
64 768 -92.20131216 7.1945 9.4789 2.2844
65 780 -92.20131390 7.1946 9.4790 2.2844
66 792 -92.20131437 7.1945 9.4789 2.2844
67 804 -92.20131439 7.1945 9.4789 2.2844
68 816 -92.20131782 7.1946 9.4790 2.2844
69 828 -92.20131883 7.1946 9.4790 2.2844
70 840 -92.20131885 7.1946 9.4790 2.2844
71 852 -92.20132025 7.1946 9.4790 2.2844
72 864 -92.20132036 7.1945 9.4790 2.2845
73 876 -92.20132038 7.1945 9.4790 2.2845
74 888 -92.20132449 7.1946 9.4790 2.2844
75 900 -92.20132529 7.1946 9.4790 2.2844
76 912 -92.20132529 7.1946 9.4790 2.2844
77 924 -92.20132851 7.1946 9.4790 2.2844
78 936 -92.20132892 7.1946 9.4790 2.2844
79 948 -92.20132892 7.1946 9.4790 2.2844
80 960 -92.20133120 7.1946 9.4790 2.2844
81 972 -92.20133187 7.1945 9.4790 2.2845
82 984 -92.20133188 7.1945 9.4790 2.2845
83 996 -92.20133273 7.1945 9.4790 2.2845
84 1008 -92.20133311 7.1945 9.4790 2.2845
85 1020 -92.20133311 7.1945 9.4790 2.2845
86 1032 -92.20133380 7.1945 9.4790 2.2845
87 1044 -92.20133398 7.1945 9.4789 2.2844
88 1056 -92.20133398 7.1945 9.4789 2.2844
89 1068 -92.20133417 7.1945 9.4789 2.2844
90 1080 -92.20133417 7.1945 9.4789 2.2844
91 1092 -92.20133417 7.1945 9.4789 2.2844
92 1104 -92.20133465 7.1946 9.4789 2.2843
93 1116 -92.20133516 7.1946 9.4790 2.2844
94 1128 -92.20133516 7.1946 9.4790 2.2844
95 1140 -92.20133619 7.1946 9.4790 2.2844
96 1152 -92.20133622 7.1946 9.4790 2.2844
97 1164 -92.20133622 7.1946 9.4790 2.2844
98 1176 -92.20133721 7.1946 9.4790 2.2844
99 1188 -92.20133777 7.1946 9.4790 2.2844
100 1200 -92.20133777 7.1945 9.4790 2.2845
