50 564 -92.20184271 7.2018 9.4830 2.2812
51 564 -92.20210368 7.2027 9.4835 2.2808
52 564 -92.20210368 7.2027 9.4835 2.2808
53 564 -92.20239267 7.2030 9.4839 2.2809
54 564 -92.20260247 7.2032 9.4841 2.2809
55 564 -92.20260247 7.2032 9.4841 2.2809
56 564 -92.20279600 7.2030 9.4844 2.2814
57 564 -92.20334117 7.2025 9.4854 2.2829
58 564 -92.20334117 7.2025 9.4854 2.2829
59 564 -92.20303223 7.2018 9.4851 2.2833
60 564 -92.20308177 7.2014 9.4844 2.2830
61 564 -92.20308177 7.2014 9.4844 2.2830
62 564 -92.20339171 7.1984 9.4830 2.2846
63 564 -92.20359592 7.1980 9.4833 2.2853
64 564 -92.20359592 7.1980 9.4833 2.2853
65 564 -92.20294837 7.1975 9.4821 2.2846
66 564 -92.20278445 7.1964 9.4815 2.2851
67 564 -92.20278445 7.1964 9.4815 2.2851
68 564 -92.20251107 7.1957 9.4815 2.2858
69 564 -92.20232295 7.1949 9.4812 2.2863
70 564 -92.20232295 7.1949 9.4812 2.2863
71 564 -92.20220244 7.1948 9.4810 2.2862
72 564 -92.20213528 7.1947 9.4809 2.2862
73 564 -92.20213528 7.1947 9.4809 2.2862
74 564 -92.20200386 7.1946 9.4803 2.2857
75 564 -92.20157969 7.1964 9.4806 2.2842
76 564 -92.20157969 7.1964 9.4806 2.2842
77 564 -92.20145832 7.1961 9.4804 2.2843
78 564 -92.20142536 7.1961 9.4803 2.2842
79 564 -92.20142536 7.1961 9.4803 2.2842
80 564 -92.20138173 7.1960 9.4802 2.2842
81 564 -92.20131051 7.1959 9.4802 2.2843
82 564 -92.20131051 7.1959 9.4802 2.2843
83 564 -92.20130234 7.1959 9.4802 2.2843
84 564 -92.20131016 7.1959 9.4802 2.2843
85 564 -92.20131016 7.1959 9.4802 2.2843
86 564 -92.20133265 7.1959 9.4802 2.2843
87 564 -92.20134375 7.1959 9.4802 2.2843
88 564 -92.20134375 7.1959 9.4802 2.2843
89 564 -92.20136562 7.1959 9.4802 2.2843
90 564 -92.20136562 7.1959 9.4802 2.2843
91 564 -92.20136562 7.1959 9.4802 2.2843
92 564 -92.20141463 7.1960 9.4803 2.2843
93 564 -92.20148492 7.1960 9.4803 2.2843
94 564 -92.20148492 7.1960 9.4803 2.2843
95 564 -92.20153175 7.1959 9.4804 2.2845
96 564 -92.20152671 7.1958 9.4804 2.2846
97 564 -92.20152675 7.1958 9.4804 2.2846
98 564 -92.20155095 7.1959 9.4801 2.2842
99 564 -92.20152856 7.1957 9.4801 2.2844
100 564 -92.20152856 7.1957 9.4801 2.2844
101 564 -92.20154703 7.1957 9.4801 2.2844
102 564 -92.20154737 7.1957 9.4800 2.2843
103 564 -92.20154737 7.1957 9.4800 2.2843
104 564 -92.20155919 7.1956 9.4799 2.2843
105 564 -92.20155708 7.1956 9.4798 2.2842
106 564 -92.20155708 7.1956 9.4798 2.2842
107 564 -92.20153418 7.1955 9.4799 2.2844
108 564 -92.20138420 7.1951 9.4798 2.2847
109 564 -92.20138420 7.1951 9.4798 2.2847
110 564 -92.20135311 7.1950 9.4797 2.2847
111 564 -92.20134465 7.1949 9.4797 2.2848
112 564 -92.20134469 7.1949 9.4797 2.2848
113 564 -92.20129860 7.1948 9.4797 2.2849
114 564 -92.20129046 7.1947 9.4797 2.2850
115 564 -92.20129046 7.1947 9.4797 2.2850
116 564 -92.20127492 7.1947 9.4796 2.2849
117 564 -92.20127458 7.1947 9.4797 2.2850
118 564 -92.20127458 7.1947 9.4797 2.2850
119 564 -92.20125414 7.1947 9.4796 2.2849
120 564 -92.20124929 7.1946 9.4796 2.2850
121 564 -92.20124929 7.1946 9.4796 2.2850
122 564 -92.20124347 7.1946 9.4796 2.2850
123 564 -92.20123445 7.1946 9.4796 2.2850
124 564 -92.20123445 7.1946 9.4796 2.2850
125 564 -92.20123423 7.1946 9.4796 2.2850
126 564 -92.20123201 7.1946 9.4796 2.2850
127 564 -92.20123205 7.1946 9.4796 2.2850
128 564 -92.20119331 7.1949 9.4795 2.2846
129 564 -92.20119379 7.1949 9.4795 2.2846
130 564 -92.20119379 7.1949 9.4795 2.2846
131 564 -92.20119540 7.1949 9.4795 2.2846
132 564 -92.20119630 7.1949 9.4795 2.2846
133 564 -92.20119630 7.1949 9.4795 2.2846
134 564 -92.20120072 7.1949 9.4795 2.2846
135 564 -92.20120865 7.1949 9.4795 2.2846
136 564 -92.20120865 7.1949 9.4795 2.2846
137 564 -92.20121124 7.1949 9.4795 2.2846
138 564 -92.20121124 7.1949 9.4795 2.2846
139 564 -92.20121124 7.1949 9.4795 2.2846
140 564 -92.20121689 7.1949 9.4795 2.2846
141 564 -92.20122317 7.1949 9.4795 2.2846
142 564 -92.20122320 7.1949 9.4795 2.2846
143 564 -92.20122502 7.1949 9.4795 2.2846
144 564 -92.20122735 7.1949 9.4795 2.2846
145 564 -92.20122735 7.1949 9.4795 2.2846
146 564 -92.20122555 7.1949 9.4795 2.2846
147 564 -92.20127836 7.1950 9.4794 2.2844
148 564 -92.20127836 7.1950 9.4794 2.2844
149 564 -92.20127607 7.1949 9.4794 2.2845
150 564 -92.20127551 7.1949 9.4794 2.2845
151 564 -92.20127551 7.1949 9.4794 2.2845
152 564 -92.20127783 7.1949 9.4794 2.2845
153 564 -92.20127468 7.1949 9.4794 2.2845
154 564 -92.20127468 7.1949 9.4794 2.2845
155 564 -92.20127410 7.1949 9.4793 2.2844
156 564 -92.20127582 7.1949 9.4793 2.2844
157 564 -92.20127582 7.1949 9.4793 2.2844
158 564 -92.20127487 7.1949 9.4793 2.2844
159 564 -92.20127122 7.1948 9.4793 2.2845
160 564 -92.20127122 7.1948 9.4793 2.2845
161 564 -92.20127260 7.1948 9.4793 2.2845
162 564 -92.20126947 7.1948 9.4793 2.2845
163 564 -92.20126947 7.1948 9.4793 2.2845
164 564 -92.20126819 7.1948 9.4793 2.2845
165 564 -92.20126300 7.1948 9.4793 2.2845
166 564 -92.20126300 7.1948 9.4793 2.2845
167 564 -92.20125971 7.1948 9.4793 2.2845
168 564 -92.20125971 7.1948 9.4793 2.2845
169 564 -92.20125971 7.1948 9.4793 2.2845
170 564 -92.20124361 7.1948 9.4792 2.2844
171 564 -92.20124207 7.1948 9.4793 2.2845
172 564 -92.20124207 7.1948 9.4793 2.2845
173 564 -92.20123857 7.1948 9.4792 2.2844
174 564 -92.20123737 7.1948 9.4792 2.2844
175 564 -92.20123737 7.1948 9.4792 2.2844
176 564 -92.20123610 7.1948 9.4792 2.2844
177 564 -92.20123447 7.1948 9.4792 2.2844
178 564 -92.20123447 7.1948 9.4792 2.2844
179 564 -92.20123368 7.1948 9.4793 2.2845
180 564 -92.20123300 7.1948 9.4793 2.2845
181 564 -92.20123303 7.1948 9.4793 2.2845
182 564 -92.20123258 7.1948 9.4793 2.2845
183 564 -92.20123187 7.1948 9.4792 2.2844
184 564 -92.20123187 7.1948 9.4792 2.2844
185 564 -92.20123173 7.1948 9.4793 2.2845
186 564 -92.20123173 7.1948 9.4793 2.2845
187 564 -92.20123173 7.1948 9.4793 2.2845
188 564 -92.20123207 7.1948 9.4793 2.2845
189 564 -92.20123309 7.1948 9.4792 2.2844
190 564 -92.20123309 7.1948 9.4792 2.2844
191 564 -92.20123335 7.1948 9.4792 2.2844
192 564 -92.20124636 7.1947 9.4793 2.2846
193 564 -92.20124636 7.1947 9.4793 2.2846
194 564 -92.20124757 7.1947 9.4793 2.2846
195 564 -92.20124824 7.1947 9.4792 2.2845
196 564 -92.20124827 7.1947 9.4792 2.2845
197 564 -92.20124925 7.1947 9.4792 2.2845
198 564 -92.20124963 7.1947 9.4792 2.2845
199 564 -92.20124963 7.1947 9.4792 2.2845
200 564 -92.20125126 7.1947 9.4792 2.2845
201 564 -92.20125346 7.1947 9.4792 2.2845
202 564 -92.20125346 7.1947 9.4792 2.2845
203 564 -92.20125480 7.1947 9.4792 2.2845
204 564 -92.20125502 7.1947 9.4792 2.2845
205 564 -92.20125502 7.1947 9.4792 2.2845
206 564 -92.20125541 7.1947 9.4792 2.2845
207 564 -92.20125645 7.1947 9.4792 2.2845
208 564 -92.20125645 7.1947 9.4792 2.2845
209 564 -92.20125668 7.1947 9.4792 2.2845
210 564 -92.20125703 7.1947 9.4792 2.2845
211 564 -92.20125703 7.1947 9.4792 2.2845
212 564 -92.20125795 7.1946 9.4792 2.2846
213 564 -92.20125824 7.1946 9.4792 2.2846
214 564 -92.20125824 7.1946 9.4792 2.2846
215 564 -92.20125794 7.1946 9.4792 2.2846
216 564 -92.20125778 7.1946 9.4792 2.2846
217 564 -92.20125778 7.1946 9.4792 2.2846
218 564 -92.20125789 7.1946 9.4792 2.2846
219 564 -92.20125786 7.1946 9.4792 2.2846
220 564 -92.20125786 7.1946 9.4792 2.2846
221 564 -92.20125745 7.1946 9.4792 2.2846
222 564 -92.20125711 7.1946 9.4792 2.2846
223 564 -92.20125711 7.1946 9.4792 2.2846
224 564 -92.20125684 7.1946 9.4792 2.2846
225 564 -92.20125646 7.1946 9.4792 2.2846
226 564 -92.20125646 7.1946 9.4792 2.2846
227 564 -92.20125585 7.1946 9.4792 2.2846
228 564 -92.20125566 7.1946 9.4792 2.2846
229 564 -92.20125566 7.1946 9.4792 2.2846
230 564 -92.20125481 7.1946 9.4792 2.2846
231 564 -92.20125404 7.1946 9.4792 2.2846
232 564 -92.20125404 7.1946 9.4792 2.2846
233 564 -92.20125373 7.1946 9.4792 2.2846
234 564 -92.20125373 7.1946 9.4792 2.2846
235 564 -92.20125373 7.1946 9.4792 2.2846
236 564 -92.20125340 7.1946 9.4792 2.2846
237 564 -92.20125294 7.1946 9.4792 2.2846
238 564 -92.20125294 7.1946 9.4792 2.2846
239 564 -92.20125225 7.1946 9.4792 2.2846
240 564 -92.20125207 7.1946 9.4792 2.2846
241 564 -92.20125207 7.1946 9.4792 2.2846
242 564 -92.20125205 7.1946 9.4792 2.2846
243 564 -92.20125785 7.1946 9.4792 2.2846
244 564 -92.20125736 7.1946 9.4792 2.2846
245 564 -92.20125736 7.1946 9.4792 2.2846
246 564 -92.20125703 7.1946 9.4792 2.2846
247 564 -92.20125666 7.1946 9.4792 2.2846
248 564 -92.20125668 7.1946 9.4792 2.2846
249 564 -92.20125647 7.1946 9.4792 2.2846
250 564 -92.20125638 7.1946 9.4792 2.2846
251 564 -92.20125638 7.1946 9.4792 2.2846
252 564 -92.20125633 7.1946 9.4792 2.2846
253 564 -92.20125627 7.1946 9.4792 2.2846
254 564 -92.20125628 7.1946 9.4792 2.2846
255 564 -92.20125628 7.1946 9.4792 2.2846
256 564 -92.20125628 7.1946 9.4792 2.2846
257 564 -92.20125629 7.1946 9.4792 2.2846
258 564 -92.20125628 7.1946 9.4792 2.2846
259 564 -92.20125634 7.1946 9.4792 2.2846
260 564 -92.20125635 7.1946 9.4792 2.2846
261 564 -92.20125660 7.1946 9.4792 2.2846
262 564 -92.20125666 7.1946 9.4792 2.2846
263 564 -92.20125666 7.1946 9.4792 2.2846
264 564 -92.20125671 7.1946 9.4792 2.2846
265 564 -92.20125679 7.1946 9.4792 2.2846
266 564 -92.20125680 7.1946 9.4792 2.2846
267 564 -92.20125706 7.1946 9.4792 2.2846
268 564 -92.20125732 7.1946 9.4792 2.2846
269 564 -92.20125732 7.1946 9.4792 2.2846
270 564 -92.20125749 7.1946 9.4792 2.2846
271 564 -92.20125765 7.1946 9.4792 2.2846
272 564 -92.20125764 7.1946 9.4792 2.2846
273 564 -92.20125825 7.1946 9.4792 2.2846
274 564 -92.20125822 7.1946 9.4792 2.2846
275 564 -92.20125822 7.1946 9.4792 2.2846
276 564 -92.20125838 7.1946 9.4792 2.2846
277 564 -92.20125862 7.1946 9.4792 2.2846
278 564 -92.20125860 7.1946 9.4792 2.2846
279 564 -92.20125915 7.1946 9.4792 2.2846
280 564 -92.20125937 7.1946 9.4792 2.2846
281 564 -92.20125936 7.1946 9.4792 2.2846
282 564 -92.20125936 7.1946 9.4792 2.2846
283 564 -92.20125998 7.1946 9.4792 2.2846
284 564 -92.20125997 7.1946 9.4792 2.2846
285 564 -92.20126004 7.1946 9.4792 2.2846
286 564 -92.20126009 7.1946 9.4791 2.2845
287 564 -92.20126009 7.1946 9.4791 2.2845
288 564 -92.20126006 7.1946 9.4791 2.2845
289 564 -92.20126028 7.1946 9.4791 2.2845
290 564 -92.20126027 7.1946 9.4791 2.2845
291 564 -92.20126053 7.1946 9.4791 2.2845
292 564 -92.20126053 7.1946 9.4791 2.2845
293 564 -92.20126051 7.1946 9.4791 2.2845
294 564 -92.20126052 7.1946 9.4791 2.2845
295 564 -92.20126065 7.1946 9.4791 2.2845
296 564 -92.20126064 7.1946 9.4791 2.2845
297 564 -92.20126059 7.1946 9.4791 2.2845
298 564 -92.20126053 7.1946 9.4791 2.2845
299 564 -92.20126053 7.1946 9.4791 2.2845
300 564 -92.20125861 7.1946 9.4791 2.2845
301 564 -92.20125854 7.1946 9.4791 2.2845
302 564 -92.20125853 7.1946 9.4791 2.2845
303 564 -92.20125848 7.1946 9.4791 2.2845
304 564 -92.20125845 7.1946 9.4791 2.2845
305 564 -92.20125845 7.1946 9.4791 2.2845
306 564 -92.20125835 7.1946 9.4791 2.2845
307 564 -92.20125821 7.1946 9.4791 2.2845
308 564 -92.20125822 7.1946 9.4791 2.2845
309 564 -92.20125799 7.1946 9.4791 2.2845
310 564 -92.20125792 7.1946 9.4791 2.2845
311 564 -92.20125792 7.1946 9.4791 2.2845
312 564 -92.20125788 7.1946 9.4791 2.2845
313 564 -92.20125785 7.1946 9.4791 2.2845
314 564 -92.20125786 7.1946 9.4791 2.2845
315 564 -92.20125778 7.1946 9.4791 2.2845
316 564 -92.20125775 7.1946 9.4791 2.2845
317 564 -92.20125775 7.1946 9.4791 2.2845
318 564 -92.20125765 7.1946 9.4791 2.2845
319 564 -92.20125750 7.1946 9.4791 2.2845
320 564 -92.20125750 7.1946 9.4791 2.2845
321 564 -92.20125741 7.1946 9.4791 2.2845
322 564 -92.20125728 7.1946 9.4791 2.2845
323 564 -92.20125728 7.1946 9.4791 2.2845
324 564 -92.20125719 7.1946 9.4791 2.2845
325 564 -92.20125712 7.1946 9.4791 2.2845
326 564 -92.20125714 7.1946 9.4791 2.2845
327 564 -92.20125707 7.1946 9.4791 2.2845
328 564 -92.20125699 7.1946 9.4791 2.2845
329 564 -92.20125699 7.1946 9.4791 2.2845
330 564 -92.20125699 7.1946 9.4791 2.2845
331 564 -92.20125698 7.1946 9.4791 2.2845
332 564 -92.20125699 7.1946 9.4791 2.2845
333 564 -92.20125696 7.1946 9.4791 2.2845
334 564 -92.20125695 7.1946 9.4791 2.2845
335 564 -92.20125695 7.1946 9.4791 2.2845
336 564 -92.20125695 7.1946 9.4791 2.2845
337 564 -92.20125695 7.1946 9.4791 2.2845
338 564 -92.20125696 7.1946 9.4791 2.2845
339 564 -92.20125697 7.1946 9.4791 2.2845
340 564 -92.20125701 7.1946 9.4791 2.2845
341 564 -92.20125701 7.1946 9.4791 2.2845
342 564 -92.20125701 7.1946 9.4791 2.2845
343 564 -92.20125706 7.1946 9.4791 2.2845
344 564 -92.20125706 7.1946 9.4791 2.2845
345 564 -92.20125717 7.1946 9.4791 2.2845
346 564 -92.20125728 7.1946 9.4791 2.2845
347 564 -92.20125728 7.1946 9.4791 2.2845
348 564 -92.20125731 7.1946 9.4791 2.2845
349 564 -92.20125733 7.1946 9.4791 2.2845
350 564 -92.20125733 7.1946 9.4791 2.2845
351 564 -92.20125749 7.1946 9.4791 2.2845
352 564 -92.20125753 7.1946 9.4791 2.2845
353 564 -92.20125753 7.1946 9.4791 2.2845
354 564 -92.20125759 7.1946 9.4791 2.2845
355 564 -92.20125764 7.1946 9.4791 2.2845
356 564 -92.20125763 7.1946 9.4791 2.2845
357 564 -92.20125770 7.1946 9.4791 2.2845
358 564 -92.20125765 7.1946 9.4791 2.2845
359 564 -92.20125765 7.1946 9.4791 2.2845
360 564 -92.20125765 7.1946 9.4791 2.2845
361 564 -92.20125776 7.1946 9.4791 2.2845
362 564 -92.20125776 7.1946 9.4791 2.2845
363 564 -92.20125788 7.1946 9.4791 2.2845
364 564 -92.20125802 7.1946 9.4791 2.2845
365 564 -92.20125802 7.1946 9.4791 2.2845
366 564 -92.20125806 7.1946 9.4791 2.2845
367 564 -92.20125812 7.1946 9.4791 2.2845
368 564 -92.20125811 7.1946 9.4791 2.2845
369 564 -92.20125819 7.1946 9.4791 2.2845
370 564 -92.20125818 7.1946 9.4791 2.2845
371 564 -92.20125818 7.1946 9.4791 2.2845
372 564 -92.20125828 7.1946 9.4791 2.2845
373 564 -92.20125835 7.1946 9.4791 2.2845
374 564 -92.20125834 7.1946 9.4791 2.2845
375 564 -92.20125842 7.1946 9.4791 2.2845
376 564 -92.20125840 7.1946 9.4791 2.2845
377 564 -92.20125839 7.1946 9.4791 2.2845
378 564 -92.20125839 7.1946 9.4791 2.2845
379 564 -92.20125841 7.1946 9.4791 2.2845
380 564 -92.20125841 7.1946 9.4791 2.2845
381 564 -92.20125851 7.1946 9.4791 2.2845
382 564 -92.20125854 7.1946 9.4791 2.2845
383 564 -92.20125854 7.1946 9.4791 2.2845
384 564 -92.20125853 7.1946 9.4791 2.2845
385 564 -92.20125857 7.1946 9.4791 2.2845
386 564 -92.20125856 7.1946 9.4791 2.2845
387 564 -92.20125858 7.1946 9.4791 2.2845
388 564 -92.20125856 7.1946 9.4791 2.2845
389 564 -92.20125856 7.1946 9.4791 2.2845
390 564 -92.20125856 7.1946 9.4791 2.2845
391 564 -92.20125858 7.1946 9.4791 2.2845
392 564 -92.20125858 7.1946 9.4791 2.2845
393 564 -92.20125856 7.1946 9.4791 2.2845
394 564 -92.20125855 7.1946 9.4791 2.2845
395 564 -92.20125855 7.1946 9.4791 2.2845
396 564 -92.20125852 7.1946 9.4791 2.2845
397 564 -92.20125925 7.1946 9.4791 2.2845
398 564 -92.20125925 7.1946 9.4791 2.2845
399 564 -92.20125920 7.1946 9.4791 2.2845
400 564 -92.20125917 7.1946 9.4791 2.2845
401 564 -92.20125916 7.1946 9.4791 2.2845
402 564 -92.20125916 7.1946 9.4791 2.2845
403 564 -92.20125915 7.1946 9.4791 2.2845
404 564 -92.20125916 7.1946 9.4791 2.2845
405 564 -92.20125911 7.1946 9.4791 2.2845
406 564 -92.20125909 7.1946 9.4791 2.2845
407 564 -92.20125909 7.1946 9.4791 2.2845
408 564 -92.20125907 7.1946 9.4791 2.2845
409 564 -92.20125901 7.1946 9.4791 2.2845
410 564 -92.20125901 7.1946 9.4791 2.2845
411 564 -92.20125897 7.1946 9.4791 2.2845
412 564 -92.20125896 7.1946 9.4791 2.2845
413 564 -92.20125896 7.1946 9.4791 2.2845
414 564 -92.20125893 7.1946 9.4791 2.2845
415 564 -92.20125891 7.1946 9.4791 2.2845
416 564 -92.20125891 7.1946 9.4791 2.2845
417 564 -92.20125888 7.1946 9.4791 2.2845
418 564 -92.20125886 7.1946 9.4791 2.2845
419 564 -92.20125886 7.1946 9.4791 2.2845
420 564 -92.20125885 7.1946 9.4791 2.2845
421 564 -92.20125884 7.1946 9.4791 2.2845
422 564 -92.20125884 7.1946 9.4791 2.2845
423 564 -92.20125883 7.1946 9.4791 2.2845
424 564 -92.20125882 7.1946 9.4791 2.2845
425 564 -92.20125882 7.1946 9.4791 2.2845
426 564 -92.20125882 7.1946 9.4791 2.2845
427 564 -92.20125880 7.1946 9.4791 2.2845
428 564 -92.20125880 7.1946 9.4791 2.2845
429 564 -92.20125879 7.1946 9.4791 2.2845
430 564 -92.20125879 7.1946 9.4791 2.2845
431 564 -92.20125879 7.1946 9.4791 2.2845
432 564 -92.20125844 7.1946 9.4791 2.2845
433 564 -92.20125844 7.1946 9.4791 2.2845
434 564 -92.20125844 7.1946 9.4791 2.2845
435 564 -92.20125847 7.1946 9.4791 2.2845
436 564 -92.20125850 7.1946 9.4791 2.2845
437 564 -92.20125849 7.1946 9.4791 2.2845
438 564 -92.20125851 7.1946 9.4791 2.2845
439 564 -92.20125854 7.1946 9.4791 2.2845
440 564 -92.20125853 7.1946 9.4791 2.2845
441 564 -92.20125857 7.1946 9.4791 2.2845
442 564 -92.20125858 7.1946 9.4791 2.2845
443 564 -92.20125858 7.1946 9.4791 2.2845
444 564 -92.20125862 7.1946 9.4791 2.2845
445 564 -92.20125861 7.1946 9.4791 2.2845
446 564 -92.20125860 7.1946 9.4791 2.2845
447 564 -92.20125863 7.1946 9.4791 2.2845
448 564 -92.20125866 7.1946 9.4791 2.2845
449 564 -92.20125865 7.1946 9.4791 2.2845
450 564 -92.20125867 7.1946 9.4791 2.2845
451 564 -92.20125870 7.1946 9.4791 2.2845
452 564 -92.20125869 7.1946 9.4791 2.2845
453 564 -92.20125872 7.1946 9.4791 2.2845
454 564 -92.20125877 7.1946 9.4791 2.2845
455 564 -92.20125877 7.1946 9.4791 2.2845
456 564 -92.20125877 7.1946 9.4791 2.2845
457 564 -92.20125881 7.1946 9.4791 2.2845
458 564 -92.20125880 7.1946 9.4791 2.2845
459 564 -92.20125886 7.1946 9.4791 2.2845
460 564 -92.20125887 7.1946 9.4791 2.2845
461 564 -92.20125887 7.1946 9.4791 2.2845
462 564 -92.20125889 7.1946 9.4791 2.2845
463 564 -92.20125890 7.1946 9.4791 2.2845
464 564 -92.20125889 7.1946 9.4791 2.2845
465 564 -92.20125892 7.1946 9.4791 2.2845
466 564 -92.20125892 7.1946 9.4791 2.2845
467 564 -92.20125892 7.1946 9.4791 2.2845
468 564 -92.20125894 7.1946 9.4791 2.2845
469 564 -92.20125897 7.1946 9.4791 2.2845
470 564 -92.20125896 7.1946 9.4791 2.2845
471 564 -92.20125903 7.1946 9.4791 2.2845
472 564 -92.20125905 7.1946 9.4791 2.2845
473 564 -92.20125905 7.1946 9.4791 2.2845
474 564 -92.20125905 7.1946 9.4791 2.2845
475 564 -92.20125907 7.1946 9.4791 2.2845
476 564 -92.20125906 7.1946 9.4791 2.2845
477 564 -92.20125909 7.1946 9.4791 2.2845
478 564 -92.20125909 7.1946 9.4791 2.2845
479 564 -92.20125909 7.1946 9.4791 2.2845
480 564 -92.20125910 7.1946 9.4791 2.2845
481 564 -92.20125911 7.1946 9.4791 2.2845
482 564 -92.20125910 7.1946 9.4791 2.2845
483 564 -92.20125911 7.1946 9.4791 2.2845
484 564 -92.20125912 7.1946 9.4791 2.2845
485 564 -92.20125912 7.1946 9.4791 2.2845
486 564 -92.20125912 7.1946 9.4791 2.2845
487 564 -92.20125913 7.1946 9.4791 2.2845
488 564 -92.20125912 7.1946 9.4791 2.2845
489 564 -92.20125914 7.1946 9.4791 2.2845
490 564 -92.20125914 7.1946 9.4791 2.2845
491 564 -92.20125914 7.1946 9.4791 2.2845
492 564 -92.20125913 7.1946 9.4791 2.2845
493 564 -92.20125913 7.1946 9.4791 2.2845
494 564 -92.20125913 7.1946 9.4791 2.2845
495 564 -92.20125912 7.1946 9.4791 2.2845
496 564 -92.20125912 7.1946 9.4791 2.2845
497 564 -92.20125912 7.1946 9.4791 2.2845
498 564 -92.20125912 7.1946 9.4791 2.2845
499 564 -92.20125912 7.1946 9.4791 2.2845
500 564 -92.20125912 7.1946 9.4791 2.2845
501 564 -92.20125910 7.1946 9.4791 2.2845
502 564 -92.20125910 7.1946 9.4791 2.2845
503 564 -92.20125910 7.1946 9.4791 2.2845
504 564 -92.20125910 7.1946 9.4791 2.2845
505 564 -92.20125909 7.1946 9.4791 2.2845
506 564 -92.20125909 7.1946 9.4791 2.2845
507 564 -92.20125908 7.1946 9.4791 2.2845
508 564 -92.20125907 7.1946 9.4791 2.2845
509 564 -92.20125907 7.1946 9.4791 2.2845
510 564 -92.20125907 7.1946 9.4791 2.2845
511 564 -92.20125906 7.1946 9.4791 2.2845
512 564 -92.20125906 7.1946 9.4791 2.2845
513 564 -92.20125905 7.1946 9.4791 2.2845
514 564 -92.20125904 7.1946 9.4791 2.2845
515 564 -92.20125904 7.1946 9.4791 2.2845
516 564 -92.20125903 7.1946 9.4791 2.2845
517 564 -92.20125901 7.1946 9.4791 2.2845
518 564 -92.20125901 7.1946 9.4791 2.2845
519 564 -92.20125900 7.1946 9.4791 2.2845
520 564 -92.20125900 7.1946 9.4791 2.2845
521 564 -92.20125900 7.1946 9.4791 2.2845
522 564 -92.20125900 7.1946 9.4791 2.2845
523 564 -92.20125899 7.1946 9.4791 2.2845
524 564 -92.20125899 7.1946 9.4791 2.2845
525 564 -92.20125898 7.1946 9.4791 2.2845
526 564 -92.20125897 7.1946 9.4791 2.2845
527 564 -92.20125897 7.1946 9.4791 2.2845
528 564 -92.20125897 7.1946 9.4791 2.2845
529 564 -92.20125897 7.1946 9.4791 2.2845
530 564 -92.20125897 7.1946 9.4791 2.2845
531 564 -92.20125896 7.1946 9.4791 2.2845
532 564 -92.20125895 7.1946 9.4791 2.2845
533 564 -92.20125895 7.1946 9.4791 2.2845
534 564 -92.20125895 7.1946 9.4791 2.2845
535 564 -92.20125895 7.1946 9.4791 2.2845
536 564 -92.20125895 7.1946 9.4791 2.2845
537 564 -92.20125895 7.1946 9.4791 2.2845
538 564 -92.20125894 7.1946 9.4791 2.2845
539 564 -92.20125894 7.1946 9.4791 2.2845
540 564 -92.20125894 7.1946 9.4791 2.2845
541 564 -92.20125894 7.1946 9.4791 2.2845
542 564 -92.20125893 7.1946 9.4791 2.2845
543 564 -92.20125894 7.1946 9.4791 2.2845
544 564 -92.20125894 7.1946 9.4791 2.2845
545 564 -92.20125894 7.1946 9.4791 2.2845
546 564 -92.20125894 7.1946 9.4791 2.2845
547 564 -92.20125894 7.1946 9.4791 2.2845
548 564 -92.20125893 7.1946 9.4791 2.2845
549 564 -92.20125894 7.1946 9.4791 2.2845
550 564 -92.20125894 7.1946 9.4791 2.2845
551 564 -92.20125894 7.1946 9.4791 2.2845
552 564 -92.20125894 7.1946 9.4791 2.2845
553 564 -92.20125896 7.1946 9.4791 2.2845
554 564 -92.20125895 7.1946 9.4791 2.2845
555 564 -92.20125896 7.1946 9.4791 2.2845
556 564 -92.20125895 7.1946 9.4791 2.2845
557 564 -92.20125894 7.1946 9.4791 2.2845
558 564 -92.20125895 7.1946 9.4791 2.2845
559 564 -92.20125896 7.1946 9.4791 2.2845
560 564 -92.20125896 7.1946 9.4791 2.2845
561 564 -92.20125899 7.1946 9.4791 2.2845
562 564 -92.20125900 7.1946 9.4791 2.2845
563 564 -92.20125900 7.1946 9.4791 2.2845
564 564 -92.20125901 7.1946 9.4791 2.2845
565 564 -92.20125900 7.1946 9.4791 2.2845
566 564 -92.20125899 7.1946 9.4791 2.2845
567 564 -92.20125902 7.1946 9.4791 2.2845
568 564 -92.20125903 7.1946 9.4791 2.2845
569 564 -92.20125903 7.1946 9.4791 2.2845
570 564 -92.20125903 7.1946 9.4791 2.2845
571 564 -92.20125904 7.1946 9.4791 2.2845
572 564 -92.20125903 7.1946 9.4791 2.2845
573 564 -92.20125904 7.1946 9.4791 2.2845
574 564 -92.20125905 7.1946 9.4791 2.2845
575 564 -92.20125905 7.1946 9.4791 2.2845
576 564 -92.20125905 7.1946 9.4791 2.2845
577 564 -92.20125907 7.1946 9.4791 2.2845
578 564 -92.20125906 7.1946 9.4791 2.2845
579 564 -92.20125908 7.1946 9.4791 2.2845
580 564 -92.20125909 7.1946 9.4791 2.2845
581 564 -92.20125909 7.1946 9.4791 2.2845
582 564 -92.20125909 7.1946 9.4791 2.2845
583 564 -92.20125910 7.1946 9.4791 2.2845
584 564 -92.20125909 7.1946 9.4791 2.2845
585 564 -92.20125910 7.1946 9.4791 2.2845
586 564 -92.20125911 7.1946 9.4791 2.2845
587 564 -92.20125911 7.1946 9.4791 2.2845
588 564 -92.20125912 7.1946 9.4791 2.2845
589 564 -92.20125913 7.1946 9.4791 2.2845
590 564 -92.20125913 7.1946 9.4791 2.2845
591 564 -92.20125913 7.1946 9.4791 2.2845
592 564 -92.20125914 7.1946 9.4791 2.2845
593 564 -92.20125914 7.1946 9.4791 2.2845
594 564 -92.20125914 7.1946 9.4791 2.2845
595 564 -92.20125914 7.1946 9.4791 2.2845
596 564 -92.20125914 7.1946 9.4791 2.2845
597 564 -92.20125915 7.1946 9.4791 2.2845
598 564 -92.20125915 7.1946 9.4791 2.2845
599 564 -92.20125915 7.1946 9.4791 2.2845
600 564 -92.20125915 7.1946 9.4791 2.2845
601 564 -92.20125915 7.1946 9.4791 2.2845
602 564 -92.20125915 7.1946 9.4791 2.2845
603 564 -92.20125916 7.1946 9.4791 2.2845
604 564 -92.20125916 7.1946 9.4791 2.2845
605 564 -92.20125916 7.1946 9.4791 2.2845
606 564 -92.20125916 7.1946 9.4791 2.2845
607 564 -92.20125916 7.1946 9.4791 2.2845
608 564 -92.20125916 7.1946 9.4791 2.2845
609 564 -92.20125916 7.1946 9.4791 2.2845
610 564 -92.20125916 7.1946 9.4791 2.2845
611 564 -92.20125916 7.1946 9.4791 2.2845
612 564 -92.20125916 7.1946 9.4791 2.2845
613 564 -92.20125916 7.1946 9.4791 2.2845
614 564 -92.20125916 7.1946 9.4791 2.2845
615 564 -92.20125916 7.1946 9.4791 2.2845
616 564 -92.20125916 7.1946 9.4791 2.2845
617 564 -92.20125916 7.1946 9.4791 2.2845
618 564 -92.20125916 7.1946 9.4791 2.2845
619 564 -92.20125916 7.1946 9.4791 2.2845
620 564 -92.20125916 7.1946 9.4791 2.2845
621 564 -92.20125915 7.1946 9.4791 2.2845
622 564 -92.20125915 7.1946 9.4791 2.2845
623 564 -92.20125915 7.1946 9.4791 2.2845
624 564 -92.20125915 7.1946 9.4791 2.2845
625 564 -92.20125915 7.1946 9.4791 2.2845
626 564 -92.20125915 7.1946 9.4791 2.2845
627 564 -92.20125915 7.1946 9.4791 2.2845
628 564 -92.20125914 7.1946 9.4791 2.2845
629 564 -92.20125914 7.1946 9.4791 2.2845
630 564 -92.20125914 7.1946 9.4791 2.2845
631 564 -92.20125914 7.1946 9.4791 2.2845
632 564 -92.20125914 7.1946 9.4791 2.2845
633 564 -92.20125914 7.1946 9.4791 2.2845
634 564 -92.20125913 7.1946 9.4791 2.2845
635 564 -92.20125913 7.1946 9.4791 2.2845
636 564 -92.20125913 7.1946 9.4791 2.2845
637 564 -92.20125913 7.1946 9.4791 2.2845
638 564 -92.20125913 7.1946 9.4791 2.2845
639 564 -92.20125912 7.1946 9.4791 2.2845
640 564 -92.20125912 7.1946 9.4791 2.2845
641 564 -92.20125912 7.1946 9.4791 2.2845
642 564 -92.20125912 7.1946 9.4791 2.2845
643 564 -92.20125912 7.1946 9.4791 2.2845
644 564 -92.20125912 7.1946 9.4791 2.2845
645 564 -92.20125912 7.1946 9.4791 2.2845
646 564 -92.20125912 7.1946 9.4791 2.2845
647 564 -92.20125912 7.1946 9.4791 2.2845
648 564 -92.20125912 7.1946 9.4791 2.2845
649 564 -92.20125912 7.1946 9.4791 2.2845
650 564 -92.20125911 7.1946 9.4791 2.2845
